7996
8022
8042
8061
8081
8107
8121
8140
8163
8178
8197
8213
8231
8248
8270
8286
8296
8309
8324
8332
8348
8352
8364
8376
8383
8387
8393
8395
8395
8399
8398
8400
8400
8396
8386
8389
8382
8369
8363
8357
8351
8332
8327
8315
8293
8280
8265
8248
8233
8219
8196
8181
8160
8145
8123
8106
8084
8061
8044
8016
8002
7976
7957
7934
7920
7893
7880
7854
7837
7822
7799
7784
7765
7746
7730
7720
7701
7689
7679
7669
7654
7647
7633
7629
7615
7617
7607
7609
7606
7599
7600
7600
7606
7602
7610
7617
7618
7621
7634
7642
7648
7661
7674
7692
7699
7714
7735
7745
7761
7782
7801
7818
7832
7857
7878
7895
7916
7940
7952
7978
8000
8022
8043
8056
8079
8102
8118
8141
8160
8175
8196
8216
8231
8250
8263
8284
8293
8310
8318
8329
8341
8360
8363
8376
8376
8384
8389
8394
8395
8394
8401
8401
8400
8393
8388
8389
8380
8376
8368
8359
8346
8340
8325
8314
8296
8288
8267
8252
8235
8223
8202
8186
8163
8146
8120
8103
8082
8064
8046
8025
7997
7982
7960
7937
7922
7899
7883
7861
7840
7825
7802
7785
7765
7752
7735
7714
7699
7691
7677
7660
7656
7648
7631
7630
7622
7611
7606
7607
7598
7600
7599
7600
7605
7606
7608
7616
7621
7625
7631
7640
7653
7666
7679
7684
7697
7719
7734
7746
7761
7780
7794
7820
7838
7858
7877
7891
7912
7931
7958
7976
8000
8022
8043
8059
8083
8105
8120
8135
8160
8176
8197
8211
8235
8248
8263
8280
8294
8313
8317
8330
8344
8356
8369
8372
8377
8384
8389
8395
8393
8396
8395
8400
8398
8397
8391
8386
8381
8374
8362
8357
8347
8338
8323
8316
8298
8288
8266
8253
8238
8221
8207
8183
8160
8142
8125
8110
8088
8063
8044
8024
8000
7977
7965
7940
7922
7899
7875
7863
7838
7825
7805
7786
7771
7746
7734
7716
7709
7693
7676
7670
7650
7646
7640
7629
7621
7614
7610
7603
7602
7604
7595
7599
7603
7607
7604
7610
7621
7620
7635
7646
7651
7665
7671
7683
7695
7711
7726
7747
7765
7779
7793
7819
7833
7857
7875
7892
7913
7929
7955
7976
7999
8012
8033
8056
8080
8095
8120
8138
8158
8176
8198
8216
8230
8244
8264
8276
8298
8309
8320
8334
8343
8357
8363
8372
8374
8381
8392
8394
8400
8401
8399
8402
8399
8395
8389
8389
8379
8374
8369
8355
8350
8341
8327
8317
8303
8285
8273
8255
8244
8219
8209
8190
8173
8150
8128
8111
8093
8068
8052
8034
8015
7996
7968
7947
7935
7917
7900
7875
7860
7848
7832
7811
7801
7790
7774
7755
7753
7741
7729
7719
7718
7703
7703
7697
7688
7693
7686
7684
7683
7684
7687
7685
7686
7689
7695
7702
7709
7712
7717
7725
7732
7737
7751
7756
7773
7785
7796
7802
7823
7836
7847
7863
7880
7895
7903
7927
7942
7957
7980
7992
8019
8031
8050
8071
8091
8110
8126
8145
8160
8182
8199
8219
8231
8251
8261
8284
8299
8307
8319
8331
8342
8351
8359
8370
8376
8390
8390
8391
8393
8396
8404
8396
8398
8393
8389
8392
8381
8375
8362
8363
8347
8340
8327
8317
8299
8285
8272
8251
8235
8225
8209
8189
8166
8151
8130
8113
8092
8064
8046
8029
8001
7986
7962
7945
7920
7901
7878
7863
7841
7827
7808
7783
7770
7749
7732
7718
7702
7689
7675
7668
7657
7645
7633
7629
7619
7610
7608
7605
7601
7601
7596
7602
7601
7605
7609
7612
7618
7622
7636
7640
7654
7656
7677
7683
7701
7716
7730
7738
7762
7781
7794
7813
7835
7852
7874
7888
7906
7927
7952
7969
7994
8017
8038
8057
8077
8101
8119
8134
8159
8175
8195
8213
8229
8245
8263
8278
8290
8310
8316
8327
8342
8354
8366
8373
8375
8386
8393
8397
8396
8402
8404
8399
8394
8401
8389
8390
8384
8377
8372
8360
8350
8337
8329
8316
8302
8290
8271
8252
8238
8220
8209
8188
8171
8149
8129
8110
8085
8072
8047
8027
8003
7990
7966
7940
7921
7902
7886
7866
7848
7820
7806
7785
7767
7758
7738
7720
7708
7693
7677
7664
7660
7646
7632
7631
7626
7614
7605
7603
7599
7599
7604
7598
7600
7606
7604
7614
7615
7625
7633
7641
7653
7664
7676
7680
7696
7716
7730
7744
7754
7775
7796
7808
7833
7849
7869
7884
7913
7931
7947
7968
7995
8012
8034
8052
8080
8100
8119
8134
8155
8170
8195
8214
8226
8247
8263
8279
8288
8309
8320
8333
8344
8354
8365
8370
8377
8388
8388
8394
8400
8396
8399
8399
8394
8393
8388
8390
8379
8379
8369
8358
8355
8342
8328
8320
8306
8285
8273
8253
8237
8228
8207
8188
8170
8147
8133
8115
8086
8071
8046
8032
8011
7982
7962
7942
7928
7904
7881
7862
7849
7827
7806
7790
7775
7756
7733
7723
7705
7696
7684
7669
7657
7650
7642
7629
7621
7612
7608
7603
7599
7598
7598
7597
7606
7607
7605
7609
7615
7618
7631
7644
7650
7658
7674
7688
7701
7706
7727
7746
7754
7772
7789
7809
7828
7847
7863
7886
7909
7933
7944
7968
7992
8007
8037
8052
8075
8094
8112
8135
8151
8177
8192
8210
8229
8246
8261
8280
8289
8302
8316
8333
8341
8355
8366
8374
8374
8383
8388
8391
8398
8399
8397
8401
8395
8397
8393
8384
8381
8377
8369
8361
8347
8338
8326
8311
8308
8286
8273
8259
8238
8228
8208
8190
8175
8149
8134
8116
8095
8072
8048
8025
8010
7993
7968
7948
7924
7907
7888
7866
7841
7825
7811
7790
7769
7755
7736
7724
7714
7699
7684
7668
7661
7648
7636
7633
7623
7614
7611
7603
7604
7604
7599
7599
7601
7607
7607
7614
7612
7619
7628
7640
7648
7660
7666
7685
7700
7705
7726
7736
7756
7777
7790
7806
7823
7842
7863
7886
7908
7926
7952
7966
7991
8010
8036
8054
8076
8091
8116
8130
8148
8173
8194
8213
8225
8240
8254
8270
8291
8306
8319
8327
8338
8347
8358
8373
8376
8382
8384
8394
8400
8397
8403
8401
8401
8399
8388
8390
8381
8373
8369
8365
8352
8336
8331
8314
8303
8293
8274
8256
8248
8228
8211
8187
8172
8154
8133
8113
8092
8075
8054
8026
8011
7990
7971
7950
