15991
16046
16073
16117
16157
16212
16250
16294
16318
16356
16405
16431
16472
16494
16544
16571
16595
16612
16639
16675
16700
16703
16734
16742
16758
16779
16780
16795
16800
16791
16794
16795
16796
16787
16779
16770
16758
16747
16722
16707
16687
16663
16642
16622
16602
16568
16544
16505
16467
16443
16391
16355
16321
16284
16256
16211
16164
16126
16084
16039
16008
15963
15924
15872
15843
15797
15745
15705
15666
15646
15601
15569
15533
15494
15475
15444
15404
15376
15350
15321
15299
15291
15273
15262
15236
15219
15225
15204
15212
15207
15208
15192
15209
15218
15216
15230
15230
15244
15258
15294
15303
15320
15345
15386
15397
15430
15458
15502
15519
15556
15601
15634
15669
15716
15753
15792
15840
15882
15912
15950
16003
16047
16071
16124
16154
16206
16234
16277
16326
16361
16406
16423
16470
16506
16541
16559
16591
16618
16647
16660
16681
16710
16735
16744
16764
16771
16778
16781
16787
16790
16792
16793
16789
16782
16792
16773
16769
16741
16736
16723
16688
16678
16654
16620
16601
16565
16535
16500
16477
16435
16401
16359
16337
16293
16251
16219
16172
16137
16096
16042
16003
15966
15928
15872
15836
15793
15764
15722
15677
15647
15609
15561
15534
15499
15466
15436
15409
15375
15353
15336
15300
15284
15279
15262
15234
15237
15224
15218
15197
15198
15201
15204
15206
15213
15224
15222
15232
15245
15260
15284
15310
15318
15340
15369
15411
15432
15470
15500
15530
15558
15605
15642
15667
15717
15740
15781
15827
15865
15911
15953
15994
16034
16083
16120
16168
16207
16237
16290
16323
16356
16392
16429
16466
16502
16525
16569
16586
16616
16640
16673
16686
16705
16719
16736
16768
16764
16771
16793
16792
16801
16794
16799
16797
16796
16788
16774
16764
16739
16727
16717
16704
16678
16641
16616
16606
16567
16544
16505
16483
16447
16409
16371
16324
16288
16246
16218
16178
16126
16093
16041
16002
15959
15919
15890
15847
15808
15763
15727
15676
15647
15604
15568
15531
15497
15472
15441
15408
15373
15352
15339
15310
15286
15278
15263
15238
15238
15220
15205
15202
15191
15207
15193
15206
15208
15214
15229
15238
15253
15275
15281
15294
15324
15343
15380
15409
15426
15463
15483
15531
15557
15591
15640
15661
15704
15747
15788
15832
15868
15914
15940
15999
16043
16082
16121
16168
16198
16237
16289
16308
16353
16390
16422
16468
16491
16536
16559
16595
16617
16637
16663
16682
16717
16718
16740
16762
16762
16786
16796
16791
16806
16792
16808
16794
16795
16781
16766
16755
16747
16731
16726
16696
16684
16655
16626
16609
16567
16532
16517
16478
16449
16403
16369
16339
16298
16251
16216
16177
16126
16087
16045
16012
15958
15920
15889
15836
15807
15767
15713
15689
15646
15606
15581
15545
15506
15469
15435
15402
15385
15355
15339
15321
15283
15271
15262
15238
15229
15216
15214
15205
15205
15203
15209
15205
15209
15206
15234
15240
15247
15272
15285
15297
15319
15356
15362
15400
15426
15460
15497
15519
15551
15598
15623
15669
15702
15752
15778
15824
15859
15912
15943
15993
16040
16070
16122
16163
16200
16229
16281
16324
16349
16381
16435
16461
16504
16531
16564
16591
16610
16642
16664
16693
16704
16718
16746
16751
16762
16788
16779
16787
16805
16800
16803
16792
16785
16783
16775
16755
16755
16730
16714
16706
16674
16651
16635
16603
16574
16546
16505
16480
16440
16401
16375
16330
16290
16256
16209
16180
16134
16090
16046
16002
15974
15936
15896
15838
15802
15766
15726
15685
15653
15601
15580
15540
15503
15476
15445
15408
15381
15366
15334
15306
15301
15278
15250
15249
15223
15225
15220
15199
15194
15198
15190
15210
15199
15222
15227
15233
15239
15256
15285
15308
15321
15341
15372
15401
15418
15448
15477
15513
15543
15582
15631
15671
15706
15744
15782
15817
15853
15904
15938
15995
16021
16067
16105
16160
16196
16244
16281
16311
16356
16382
16415
16450
16499
16526
16557
16584
16618
16639
16657
16684
16706
16732
16737
16763
16775
16781
16784
16801
16790
16805
16791
16799
16791
16784
16785
16761
16756
16727
16719
16698
16685
16659
16636
16611
16566
16551
16505
16486
16453
16408
16370
16342
16298
16250
16220
16172
16140
16091
16049
16012
15967
15927
15890
15856
15798
15758
15735
15689
15651
15619
15584
15537
15503
15482
15446
15405
15389
15363
15346
15315
15299
15273
15251
15239
15223
15213
15211
15197
15206
15194
15193
15207
15216
15213
15217
15230
15240
15257
15285
15301
15323
15342
15377
15392
15432
15447
15481
15525
15544
15594
15626
15657
15696
15733
15768
15825
15857
15903
15944
15982
16019
16078
16118
16151
16196
16233
16275
16318
16340
16379
16418
16453
16499
16521
16551
16592
16605
16646
16667
16688
16708
16715
16731
16759
16764
16770
16778
16789
16802
16794
16790
16802
16784
16781
16785
16762
16752
16729
16712
16694
16689
16652
16634
16603
16574
16537
16524
16478
16458
16418
16373
16331
16302
16262
16231
16190
16132
16100
16059
16019
15981
15939
15896
15840
15808
15763
15726
15689
15648
15618
15576
15549
15519
15479
15446
15424
15385
15364
15340
15319
15295
15273
15261
15248
15222
15218
15212
15215
15195
15205
15206
15200
15202
15222
15231
15243
15248
15272
15284
15297
15322
15335
15366
15393
15426
15448
15477
15519
15543
15582
15629
15663
15692
15745
15767
15819
15857
15905
15946
15989
16016
16060
16107
16145
16189
16231
16276
16316
16345
16389
16422
16446
16490
16521
16557
16581
16602
16631
16656
16683
16712
16713
16749
16750
16776
16779
16785
16798
16790
16791
16809
16805
16792
16786
16787
16774
16745
16733
16721
16695
16680
16663
16631
16612
16572
16555
16517
16479
16459
16412
16385
16345
16314
16269
16228
16183
16142
16095
16068
16012
15982
15928
15885
15845
15819
15768
15736
15684
15647
15623
15587
15547
15509
15472
15456
15421
15385
15358
15345
15310
15288
15284
15260
15252
15228
15217
15220
15200
15201
15198
15206
15203
15215
15209
15221
15241
15250
15263
15286
15289
15327
15341
15373
15382
15415
15459
15476
15504
15554
15573
15620
15651
15684
15727
15781
15819
15864
15886
15947
15980
16013
16069
16107
16151
16186
16220
16260
16304
16337
16383
16420
16457
16494
16528
16551
16590
16616
16638
16654
16679
16694
16728
16734
16756
16767
16783
16789
16795
16804
16799
16801
16794
16800
16793
16773
16768
16747
16743
16718
16708
16686
16651
16644
16599
16578
16552
16525
16495
16450
16414
16388
16341
16303
16260
16232
16188
16149
16100
16066
16025
15973
15931
15900
