7995
8023
8043
8066
8080
8104
8127
8141
8162
8178
8195
8217
8233
8249
8265
8281
8294
8307
8325
8338
8343
8355
8361
8371
8381
8390
8393
8392
8398
8401
8395
8402
8396
8392
8393
8381
8380
8373
8367
8355
8347
8330
8324
8308
8295
8286
8267
8253
8236
8220
8202
8182
8165
8145
8125
8104
8083
8067
8047
8023
8004
7983
7957
7938
7921
7901
7880
7861
7839
7814
7804
7784
7769
7748
7736
7713
7698
7690
7674
7666
7657
7646
7636
7630
7622
7611
7608
7606
7597
7605
7598
7595
7598
7603
7611
7610
7623
7627
7638
7642
7654
7662
7678
7683
7706
7718
7729
7744
7763
7782
7796
7821
7839
7852
7872
7899
7911
7937
7957
7976
8003
8019
8044
8059
8078
8100
8118
8141
8160
8184
8193
8214
8238
8247
8264
8277
8299
8306
8322
8337
8342
8360
8363
8370
8380
8384
8386
8395
8393
8396
8404
8399
8393
8392
8392
8382
8381
8369
8369
8361
8348
8333
8324
8308
8297
8283
8272
8256
8233
8214
8205
8184
8167
8146
8129
8102
8087
8062
8041
8020
8002
7985
7962
7935
7918
7895
7882
7856
7838
7822
7801
7784
7763
7754
7730
7715
7700
7691
7681
7664
7649
7645
7632
7628
7621
7612
7610
7607
7601
7598
7598
7605
7604
7605
7611
7609
7620
7626
7636
7645
7649
7666
7671
7687
7698
7715
7735
7744
7759
7781
7801
7820
7833
7855
7877
7898
7918
7939
7955
7979
8001
8017
8043
8055
8075
8104
8124
8137
8162
8175
8197
8219
8229
8249
8269
8276
8300
8304
8325
8335
8340
8356
8368
8374
8375
8385
8390
8399
8401
8400
8397
8396
8398
8391
8391
8383
8384
8369
8366
8355
8350
8338
8324
8307
8299
8280
8274
8252
8235
8221
8203
8182
8162
8147
8124
8102
8089
8068
8041
8020
8001
7978
7958
7939
7916
7896
7876
7858
7845
7817
7803
7784
7769
7747
7737
7719
7703
7692
7674
7665
7654
7643
7636
7628
7616
7614
7611
7608
7604
7598
7600
7600
7603
7605
7604
7612
7620
7622
7638
7646
7648
7665
7676
7687
7700
7719
7727
7740
7764
7783
7794
7819
7834
7853
7876
7889
7908
7931
7955
7970
7992
8018
8033
8060
8075
8099
8117
8136
8163
8182
8196
8214
8227
8246
8260
8281
8293
8303
8323
8328
8341
8358
8358
8375
8379
8384
8393
8396
8400
8398
8403
8399
8395
8394
8390
8384
8385
8373
8368
8360
8350
8339
8325
8315
8297
8285
8273
8258
8240
8224
8200
8181
8166
8149
8125
8113
8090
8068
8049
8033
8011
7993
7971
7953
7937
7917
7893
7876
7865
7846
7832
7820
7806
7793
7773
7768
7759
7749
7738
7731
7730
7722
7724
7722
7717
7715
7717
7715
7718
7724
7728
7734
7738
7742
7753
7759
7766
7770
7781
7788
7794
7808
7813
7825
7836
7845
7860
7872
7881
7888
7908
7916
7924
7943
7957
7967
7984
7995
8018
8031
8042
8066
8083
8094
8112
8124
8140
8159
8174
8190
8212
8230
8245
8253
8268
8281
8302
8317
8322
8334
8351
8353
8366
8372
8382
8381
8388
8392
8399
8400
8403
8397
8395
8398
8392
8389
8378
8376
8366
8361
8350
8339
8327
8310
8301
8291
8267
8255
8239
8218
8207
8188
8169
8150
8125
8108
8086
8073
8044
8027
8004
7981
7965
7939
7925
7907
7883
7859
7844
7823
7804
7789
7767
7752
7737
7725
7701
7696
7684
7668
7661
7649
7640
7630
7616
7617
7609
7603
7601
7598
7596
7602
7597
7602
7608
7609
7613
7622
7637
7644
7653
7664
7673
7690
7699
7716
7728
7739
7763
7781
7791
7813
7829
7846
7869
7890
7910
7931
7948
7974
7994
8015
8036
8056
8078
8094
8117
8137
8157
8175
8194
8214
8226
8245
8260
8280
8290
8307
8316
8329
8338
8355
8360
8373
8379
8382
8387
8396
8397
8395
8397
8398
8400
8399
8394
8386
8385
8375
8365
8354
8347
8340
8326
8312
8299
8288
8270
8261
8238
8218
8202
8189
8169
8146
8131
8110
8094
8066
8046
8024
8010
7981
7968
7944
7923
7903
7885
7862
7842
7822
7810
7790
7769
7751
7734
7721
7712
7690
7684
7671
7653
7649
7639
7629
7626
7616
7606
7606
7605
7598
7598
7596
7599
7605
7609
7616
7617
7624
7627
7637
7652
7664
7672
7687
7693
7712
7723
7737
7758
7780
7793
7815
7834
7854
7867
7887
7912
7929
7953
7972
7990
8009
8035
8053
8076
8096
8119
8133
8151
8175
8198
8206
8233
8242
8260
8281
8294
8308
8323
8332
8344
8352
8360
8369
8381
8382
8391
8395
8400
8402
8402
8399
8402
8396
8392
8388
8384
8378
8365
8357
8351
8335
8324
8317
8299
8292
8270
8254
8240
8229
8206
8185
8171
8149
8128
8114
8091
8065
8050
8024
8011
7985
7963
7942
7923
7906
7887
7860
7845
7822
7812
7790
7772
7750
7740
7721
7711
7692
7679
7664
7660
7645
7642
7628
7619
7617
7609
7604
7600
7601
7598
7595
7606
7604
7607
7608
7612
7625
7633
7642
7651
7657
7672
7684
7697
7714
7724
7745
7754
7772
7796
7810
7826
7853
7868
7886
7910
7926
7945
7968
7992
8011
8037
8056
8070
8094
8111
8138
8156
8175
8196
8211
8223
8240
8257
8280
8286
8303
8319
8334
8345
8351
8357
8371
8372
8383
8392
8394
8401
8396
8397
8396
8401
8395
8391
8393
8384
8373
8365
8357
8353
8337
8329
8317
8301
8287
8273
8258
8245
8225
8210
8194
8170
8151
8134
8116
8094
8076
8050
8029
8007
7987
7967
7946
7921
7906
7887
7864
7842
7827
7805
7790
7777
7753
7739
7720
7707
7692
7683
7673
7658
7647
7639
7630
7618
7614
7606
7604
7605
7603
7601
7601
7605
7601
7601
7614
7621
7621
7626
7641
7649
7660
7674
7682
7692
7711
7721
7745
7759
7769
7788
7814
7830
7849
7867
7887
7906
7931
7951
7964
7992
8008
8031
8053
8078
8093
8115
8133
8151
8169
8192
8204
8224
8248
8261
8277
8288
8306
8313
8331
8339
8349
8363
8364
8380
8380
8393
8391
8393
8395
8404
8395
8401
8392
8391
8390
8387
8375
8365
8359
8347
8340
8327
8316
8301
8295
8274
8256
8244
8224
8204
8189
8169
8153
8129
8112
8096
8072
8050
8031
8012
7993
7967
7945
