7995
8021
8044
8063
8086
8107
8122
8145
8160
8180
8199
8213
8230
8251
8266
8286
8293
8306
8322
8334
8342
8360
8363
8375
8378
8384
8387
8394
8394
8396
8399
8399
8397
8394
8391
8385
8383
8368
8365
8358
8344
8335
8319
8314
8293
8282
8271
8248
8238
8215
8199
8182
8165
8147
8126
8102
8079
8060
8037
8018
8001
7978
7958
7939
7914
7901
7881
7859
7837
7822
7795
7782
7769
7752
7736
7721
7698
7694
7678
7663
7657
7646
7639
7625
7618
7610
7612
7605
7602
7595
7597
7601
7601
7600
7612
7612
7622
7630
7632
7642
7655
7661
7671
7692
7699
7716
7729
7745
7762
7776
7795
7817
7833
7851
7873
7898
7916
7935
7954
7977
7996
8022
8036
8058
8078
8097
8117
8137
8160
8180
8198
8211
8230
8253
8265
8286
8298
8308
8326
8337
8345
8353
8367
8371
8376
8388
8389
8397
8401
8398
8400
8396
8400
8399
8390
8385
8384
8371
8369
8358
8346
8339
8322
8316
8302
8283
8271
8256
8239
8222
8196
8185
8163
8147
8126
8106
8086
8060
8043
8026
8004
7985
7959
7941
7922
7900
7875
7857
7837
7821
7801
7785
7763
7751
7735
7713
7707
7688
7675
7666
7655
7646
7632
7625
7623
7614
7608
7606
7604
7601
7600
7602
7606
7604
7604
7613
7618
7626
7636
7641
7655
7664
7678
7688
7702
7714
7735
7743
7760
7784
7793
7813
7832
7855
7873
7897
7919
7930
7958
7980
7994
8019
8041
8064
8082
8097
8118
8136
8164
8183
8200
8217
8235
8248
8265
8279
8300
8309
8319
8338
8345
8353
8366
8369
8382
8380
8392
8391
8397
8401
8402
8399
8397
8393
8390
8391
8382
8376
8365
8357
8347
8336
8321
8312
8302
8284
8270
8253
8241
8217
8201
8182
8164
8141
8125
8106
8082
8069
8048
8022
8000
7980
7966
7942
7922
7896
7880
7855
7839
7823
7806
7789
7763
7746
7735
7715
7709
7695
7682
7662
7653
7643
7635
7628
7619
7614
7609
7603
7599
7598
7602
7596
7597
7602
7607
7617
7614
7622
7630
7637
7649
7659
7677
7683
7703
7710
7727
7741
7763
7777
7800
7811
7837
7857
7873
7890
7911
7930
7955
7970
7999
8021
8042
8054
8082
8101
8118
8135
8158
8174
8200
8212
8227
8250
8268
8277
8289
8311
8323
8328
8347
8352
8362
8376
8374
8389
8386
8391
8400
8394
8398
8401
8396
8397
8388
8385
8377
8375
8364
8356
8345
8341
8326
8309
8304
8285
8271
8258
8237
8226
8206
8182
8167
8149
8128
8108
8091
8071
8047
8029
8015
7986
7974
7954
7936
7909
7889
7871
7853
7836
7820
7808
7789
7776
7767
7754
7742
7728
7717
7710
7701
7690
7679
7677
7677
7667
7662
7658
7663
7659
7659
7660
7657
7661
7669
7668
7677
7683
7691
7694
7707
7710
7725
7735
7741
7755
7772
7781
7790
7809
7828
7841
7856
7877
7887
7910
7932
7944
7966
7984
8003
8026
8049
8061
8082
8100
8124
8139
8163
8181
8202
8216
8233
8244
8265
8277
8290
8309
8321
8330
8340
8351
8359
8376
8375
8386
8387
8391
8398
8394
8402
8400
8395
8399
8394
8392
8381
8377
8366
8360
8353
8335
8328
8315
8296
8284
8272
8252
8238
8222
8205
8184
8168
8148
8129
8106
8089
8067
8049
8029
8002
7982
7960
7938
7919
7902
7884
7864
7847
7820
7802
7788
7771
7754
7738
7721
7702
7697
7677
7666
7657
7641
7632
7632
7625
7614
7606
7608
7604
7596
7599
7596
7603
7605
7607
7613
7619
7621
7636
7645
7647
7661
7673
7683
7693
7717
7727
7738
7763
7781
7796
7810
7835
7854
7874
7894
7913
7930
7956
7977
7990
8019
8034
8056
8079
8092
8112
8136
8157
8172
8198
8213
8232
8242
8264
8280
8292
8303
8323
8330
8342
8352
8364
8368
8373
8386
8385
8395
8394
8399
8396
8402
8395
8393
8389
8390
8381
8373
8371
8357
8352
8340
8323
8311
8302
8283
8268
8256
8244
8224
8204
8189
8173
8146
8128
8105
8092
8066
8045
8030
8010
7986
7964
7944
7926
7907
7882
7867
7847
7822
7802
7790
7772
7753
7734
7721
7703
7694
7685
7668
7654
7645
7636
7633
7621
7613
7607
7606
7600
7604
7604
7598
7602
7601
7608
7614
7621
7628
7626
7638
7653
7663
7676
7682
7699
7716
7723
7747
7756
7774
7797
7809
7834
7852
7869
7884
7905
7925
7953
7968
7990
8010
8035
8058
8080
8094
8112
8138
8155
8172
8196
8212
8231
8247
8263
8278
8290
8305
8322
8334
8347
8353
8357
8369
8374
8387
8388
8391
8401
8400
8396
8401
8395
8397
8389
8387
8384
8379
8372
8357
8351
8343
8331
8317
8307
8284
8278
8262
8242
8219
8209
8188
8166
8146
8135
8111
8090
8074
8050
8026
8007
7991
7970
7947
7928
7901
7881
7866
7848
7822
7812
7785
7767
7757
7734
7721
7708
7697
7680
7673
7659
7649
7636
7634
7618
7612
7615
7606
7603
7602
7600
7600
7602
7600
7609
7611
7616
7627
7632
7637
7647
7660
7674
7682
7697
7708
7721
7741
7757
7770
7795
7812
7832
7852
7867
7887
7912
7925
7945
7970
7990
8011
8028
8050
8078
8099
8111
8134
8153
8175
8195
8207
8231
8239
8258
8274
8294
8302
8314
8329
8336
8347
8358
8374
8375
8380
8392
8395
8396
8398
8403
8403
8400
8392
8396
8385
8386
8374
8366
8359
8352
8339
8330
8319
8303
8289
8271
8254
8239
8227
8209
8185
8171
8151
8133
8113
8090
8067
8053
8025
8010
7991
7964
7942
7921
7906
7880
7860
7850
7824
7804
7785
7777
7757
7737
7719
7710
7691
7681
7665
7654
7649
7639
7627
7620
7617
7611
7605
7604
7603
7597
7602
7599
7599
7603
7614
7619
7621
7631
7636
7647
7661
7670
7681
7694
7713
7725
7743
7761
7769
7788
7810
7831
7847
7868
7883
7910
7929
7948
7969
7990
8011
8035
8051
8071
8094
8110
8132
8154
8176
8186
8204
8223
8242
8257
8276
8288
8301
8319
8328
8345
8352
8357
8366
8375
8381
8389
8389
8397
8393
8397
8395
8398
8392
8390
8389
8384
8374
8369
8359
8351
8342
8325
8320
8308
8294
8279
8259
8239
8229
8206
8192
8173
8154
8136
8112
8097
8077
8052
8034
8006
7986
7965
7946
