8002
8017
8045
8067
8084
8106
8118
8139
8158
8185
8204
8220
8234
8246
8267
8278
8297
8313
8325
8337
8344
8361
8368
8370
8381
8382
8390
8399
8394
8395
8404
8400
8393
8397
8388
8383
8376
8373
8361
8360
8350
8339
8321
8309
8299
8286
8267
8248
8234
8220
8201
8177
8159
8142
8121
8106
8082
8058
8041
8019
8004
7982
7961
7941
7917
7895
7881
7856
7836
7823
7801
7787
7766
7744
7728
7720
7699
7688
7671
7669
7658
7647
7634
7624
7616
7614
7609
7601
7606
7603
7600
7602
7605
7602
7609
7612
7615
7621
7630
7644
7650
7659
7672
7691
7706
7719
7735
7751
7762
7779
7797
7818
7832
7854
7874
7892
7919
7937
7959
7978
7994
8023
8041
8060
8082
8102
8122
8141
8166
8183
8203
8213
8230
8252
8263
8282
8300
8311
8323
8333
8344
8353
8368
8368
8380
8385
8395
8390
8399
8397
8397
8396
8395
8398
8391
8389
8381
8374
8365
8361
8346
8340
8326
8310
8294
8287
8270
8254
8233
8214
8196
8183
8162
8145
8125
8102
8086
8066
8043
8027
7998
7984
7962
7942
7918
7893
7881
7862
7839
7815
7803
7787
7766
7752
7732
7718
7704
7690
7676
7667
7654
7646
7631
7629
7615
7616
7614
7606
7601
7599
7603
7605
7598
7607
7603
7615
7614
7621
7629
7646
7653
7659
7674
7689
7698
7716
7729
7744
7758
7778
7800
7812
7832
7859
7878
7892
7912
7938
7956
7979
7995
8017
8036
8062
8083
8100
8118
8144
8161
8178
8199
8217
8232
8251
8269
8278
8298
8309
8317
8331
8343
8358
8365
8375
8384
8385
8395
8392
8399
8399
8398
8397
8393
8397
8393
8386
8378
8376
8369
8357
8352
8339
8323
8312
8300
8287
8274
8253
8239
8223
8199
8189
8163
8143
8130
8104
8085
8070
8044
8021
8004
7985
7964
7940
7916
7897
7879
7858
7844
7824
7804
7789
7765
7755
7738
7716
7700
7689
7678
7664
7658
7641
7634
7625
7625
7613
7609
7609
7600
7603
7596
7599
7598
7604
7605
7609
7614
7626
7633
7639
7654
7665
7677
7686
7695
7712
7733
7742
7761
7775
7799
7819
7838
7850
7875
7890
7911
7934
7949
7977
7992
8015
8039
8053
8080
8095
8117
8136
8158
8179
8200
8217
8236
8252
8269
8282
8291
8305
8325
8331
8339
8357
8363
8371
8376
8382
8392
8399
8393
8401
8401
8399
8394
8398
8390
8389
8386
8374
8363
8353
8345
8340
8327
8316
8297
8282
8275
8252
8240
8217
8206
8183
8166
8149
8129
8104
8091
8067
8047
8024
8007
7985
7960
7938
7925
7898
7880
7862
7845
7822
7799
7789
7764
7755
7740
7715
7703
7689
7681
7667
7658
7645
7639
7627
7621
7612
7613
7605
7605
7605
7601
7601
7604
7600
7608
7609
7616
7625
7630
7638
7646
7658
7671
7689
7701
7716
7732
7740
7758
7774
7797
7812
7833
7853
7874
7893
7911
7936
7953
7974
7991
8019
8038
8055
8075
8095
8120
8133
8158
8173
8197
8210
8229
8252
8263
8275
8294
8308
8319
8329
8347
8349
8364
8373
8380
8386
8386
8390
8396
8400
8398
8395
8401
8399
8388
8385
8382
8376
8370
8355
8345
8338
8331
8314
8300
8282
8266
8253
8238
8224
8205
8183
8172
8147
8128
8111
8089
8063
8048
8024
8008
7984
7961
7947
7920
7900
7879
7861
7845
7821
7807
7790
7768
7751
7740
7722
7707
7694
7683
7666
7659
7646
7641
7630
7626
7618
7610
7604
7607
7599
7600
7602
7599
7602
7605
7612
7621
7623
7636
7642
7646
7660
7671
7689
7697
7712
7724
7741
7759
7780
7794
7811
7835
7849
7868
7893
7914
7928
7954
7974
7990
8014
8039
8052
8073
8095
8113
8140
8158
8178
8197
8215
8230
8242
8263
8282
8289
8306
8319
8332
8342
8354
8362
8374
8381
8382
8389
8398
8392
8403
8402
8398
8400
8396
8391
8386
8380
8373
8372
8355
8349
8341
8329
8319
8299
8288
8274
8253
8238
8225
8208
8185
8167
8144
8133
8109
8090
8071
8049
8028
8004
7987
7960
7941
7919
7906
7879
7868
7841
7827
7801
7784
7774
7749
7742
7724
7710
7698
7684
7668
7656
7643
7639
7624
7620
7618
7614
7604
7605
7597
7597
7596
7605
7608
7608
7609
7613
7627
7631
7638
7654
7658
7674
7689
7698
7715
7724
7747
7753
7780
7792
7815
7833
7850
7865
7884
7911
7933
7952
7975
7993
8008
8034
8059
8072
8093
8120
8139
8154
8171
8191
8208
8233
8241
8260
8277
8288
8301
8321
8329
8345
8350
8365
8365
8374
8381
8393
8393
8394
8396
8398
8398
8402
8392
8391
8383
8383
8378
8371
8362
8352
8341
8328
8318
8298
8284
8275
8258
8239
8224
8206
8191
8174
8155
8128
8113
8090
8070
8049
8032
8005
7987
7964
7945
7924
7907
7886
7869
7842
7821
7808
7789
7771
7750
7738
7726
7709
7698
7678
7669
7658
7647
7635
7624
7626
7615
7606
7609
7601
7602
7599
7598
7604
7601
7602
7611
7619
7623
7630
7637
7648
7663
7675
7687
7698
7713
7728
7742
7760
7773
7792
7805
7828
7850
7864
7885
7907
7932
7947
7966
7995
8010
8032
8049
8076
8097
8119
8129
8149
8172
8196
8208
8223
8249
8264
8277
8292
8307
8321
8329
8345
8354
8361
8373
8379
8388
8391
8394
8401
8394
8398
8400
8395
8392
8392
8388
8388
8374
8368
8365
8348
8340
8333
8314
8304
8291
8270
8254
8241
8224
8205
8190
8175
8148
8131
8113
8096
8069
8047
8033
8010
7992
7966
7948
7924
7905
7886
7861
7843
7824
7807
7795
7769
7754
7740
7726
7708
7690
7685
7673
7656
7649
7634
7626
7620
7612
7607
7603
7600
7600
7604
7596
7598
7604
7603
7614
7621
7619
7627
7643
7650
7660
7673
7682
7691
7710
7724
7739
7759
7778
7786
7804
7829
7851
7868
7883
7904
7932
7951
7972
7992
8011
8033
8051
8073
8093
8117
8134
8154
8176
8194
8208
8229
8246
8255
8270
8285
8304
8313
8325
8338
8352
8359
8370
8380
8385
8385
8389
8395
8396
8396
8395
8395
8393
8398
8390
8379
8375
8371
8361
8353
8343
8325
8315
8304
8292
8271
8257
8241
8225
8208
8192
8169
8152
8131
8116
8094
8074
8051
8031
8011
7986
7973
7948
