8003
8021
8042
8063
8085
8101
8120
8138
8164
8185
8196
8220
8232
8251
8265
8283
8293
8315
8324
8333
8348
8359
8361
8370
8378
8390
8390
8397
8393
8399
8399
8397
8402
8399
8392
8386
8382
8371
8367
8354
8343
8332
8323
8314
8301
8286
8271
8248
8238
8218
8203
8180
8166
8147
8125
8100
8084
8065
8040
8020
7996
7981
7954
7941
7916
7900
7879
7857
7836
7817
7797
7781
7763
7748
7733
7716
7699
7692
7671
7668
7654
7644
7635
7623
7616
7613
7613
7601
7601
7603
7601
7597
7605
7608
7605
7616
7623
7624
7633
7647
7654
7660
7677
7686
7697
7713
7733
7744
7761
7785
7799
7819
7838
7855
7878
7895
7911
7940
7954
7978
7999
8015
8042
8062
8082
8098
8119
8137
8166
8176
8198
8215
8236
8247
8271
8283
8295
8313
8327
8331
8350
8357
8365
8369
8384
8381
8388
8390
8402
8400
8403
8402
8393
8392
8392
8388
8377
8378
8364
8360
8345
8331
8319
8314
8300
8281
8271
8249
8240
8216
8206
8178
8162
8141
8123
8109
8089
8067
8039
8020
8002
7983
7964
7939
7920
7903
7873
7860
7835
7819
7801
7781
7769
7746
7732
7720
7704
7692
7674
7667
7653
7646
7639
7631
7622
7613
7606
7600
7602
7595
7603
7597
7597
7605
7606
7613
7621
7623
7635
7641
7648
7663
7671
7684
7700
7717
7734
7745
7763
7783
7802
7819
7830
7850
7871
7892
7918
7936
7956
7973
8001
8019
8040
8062
8077
8102
8120
8145
8161
8175
8200
8219
8237
8244
8269
8285
8295
8311
8324
8329
8345
8354
8369
8373
8375
8380
8390
8396
8396
8397
8404
8401
8400
8393
8387
8387
8378
8374
8368
8362
8348
8339
8324
8310
8301
8287
8272
8250
8237
8223
8200
8185
8164
8146
8129
8108
8088
8067
8043
8019
8000
7985
7957
7942
7916
7903
7874
7856
7840
7819
7800
7788
7766
7748
7731
7717
7706
7691
7679
7661
7658
7644
7638
7624
7618
7612
7613
7604
7599
7600
7600
7600
7599
7608
7603
7611
7620
7624
7636
7643
7656
7663
7676
7686
7704
7711
7725
7746
7757
7778
7795
7810
7836
7849
7868
7895
7909
7932
7953
7973
7994
8019
8036
8060
8078
8097
8116
8136
8155
8174
8194
8212
8233
8246
8265
8283
8298
8311
8322
8332
8340
8353
8366
8374
8378
8381
8385
8396
8395
8397
8404
8397
8403
8393
8389
8384
8378
8379
8365
8362
8347
8340
8324
8312
8299
8285
8271
8257
8234
8220
8208
8184
8167
8152
8127
8108
8094
8067
8050
8030
8012
7991
7964
7946
7924
7909
7889
7869
7847
7831
7820
7795
7778
7768
7752
7739
7728
7708
7700
7686
7683
7669
7665
7650
7652
7645
7643
7630
7637
7626
7633
7627
7628
7638
7634
7637
7641
7654
7657
7665
7676
7681
7693
7707
7720
7735
7747
7761
7771
7794
7807
7829
7842
7861
7876
7896
7923
7934
7960
7980
7996
8018
8034
8061
8084
8100
8120
8141
8158
8181
8193
8211
8234
8250
8259
8282
8291
8308
8316
8332
8346
8352
8362
8371
8380
8381
8388
8394
8394
8397
8403
8396
8399
8395
8394
8383
8385
8379
8370
8356
8345
8334
8325
8313
8298
8290
8268
8256
8236
8218
8209
8190
8166
8148
8131
8109
8092
8069
8051
8024
8003
7989
7967
7942
7918
7903
7883
7863
7839
7828
7802
7783
7770
7748
7735
7723
7702
7693
7677
7672
7659
7643
7639
7624
7617
7610
7608
7608
7604
7599
7600
7595
7605
7600
7608
7614
7622
7628
7629
7637
7653
7661
7670
7685
7699
7712
7728
7747
7756
7777
7797
7811
7832
7852
7871
7893
7907
7930
7948
7974
7997
8011
8038
8051
8075
8098
8116
8136
8154
8175
8192
8214
8228
8248
8265
8274
8290
8308
8320
8333
8346
8355
8364
8375
8382
8379
8386
8392
8398
8398
8401
8400
8402
8391
8395
8385
8387
8376
8364
8359
8353
8337
8331
8316
8303
8290
8273
8256
8243
8221
8203
8184
8168
8149
8134
8107
8085
8072
8048
8027
8008
7988
7960
7946
7922
7899
7885
7859
7844
7821
7808
7792
7768
7756
7733
7717
7709
7692
7685
7667
7656
7647
7634
7631
7621
7614
7613
7602
7606
7603
7596
7601
7602
7599
7604
7616
7616
7620
7634
7636
7654
7663
7669
7689
7701
7713
7731
7743
7759
7775
7789
7811
7825
7849
7865
7886
7906
7933
7951
7971
7988
8011
8034
8051
8077
8099
8114
8139
8154
8176
8195
8211
8226
8247
8260
8276
8287
8306
8321
8335
8340
8355
8359
8372
8374
8387
8390
8391
8397
8403
8404
8401
8402
8398
8395
8385
8387
8378
8370
8359
8345
8344
8331
8313
8305
8292
8271
8262
8238
8228
8209
8188
8165
8150
8131
8109
8089
8065
8054
8027
8006
7989
7968
7943
7929
7908
7880
7860
7844
7822
7805
7790
7773
7756
7739
7721
7706
7697
7682
7674
7661
7651
7639
7629
7625
7614
7612
7606
7601
7598
7603
7598
7601
7602
7608
7608
7618
7620
7635
7641
7645
7656
7667
7679
7698
7706
7723
7742
7757
7775
7792
7808
7824
7852
7864
7883
7913
7928
7947
7973
7986
8012
8035
8054
8074
8092
8119
8132
8157
8172
8188
8214
8224
8249
8256
8273
8289
8306
8320
8335
8338
8348
8360
8368
8381
8383
8388
8391
8393
8402
8402
8397
8401
8393
8389
8392
8383
8374
8364
8359
8352
8344
8329
8312
8306
8292
8269
8263
8238
8222
8203
8187
8172
8152
8133
8113
8089
8071
8049
8032
8009
7990
7965
7950
7926
7910
7886
7869
7851
7825
7812
7785
7773
7754
7737
7724
7708
7694
7682
7667
7661
7651
7634
7626
7620
7612
7611
7608
7607
7603
7597
7600
7601
7605
7610
7610
7618
7620
7631
7639
7645
7661
7665
7679
7694
7707
7724
7740
7752
7771
7787
7808
7827
7851
7862
7885
7908
7923
7951
7969
7992
8012
8035
8054
8077
8094
8118
8132
8152
8169
8195
8211
8230
8244
8258
8272
8288
8300
8313
8327
8345
8354
8359
8365
8372
8385
8387
8391
8396
8399
8398
8396
8396
8398
8393
8384
8379
8372
8367
8358
8348
8338
8330
8312
8309
8294
8272
8260
8238
8224
8205
8192
8171
8154
8138
8114
8097
8075
8055
8035
8011
7988
7969
7952
