8003
8020
8037
8058
8082
8100
8123
8140
8161
8184
8199
8222
8235
8255
8267
8280
8302
8315
8326
8336
8341
8360
8366
8371
8381
8385
8394
8397
8395
8401
8404
8398
8395
8390
8388
8389
8380
8371
8363
8355
8350
8332
8319
8314
8300
8287
8271
8255
8231
8214
8202
8187
8158
8145
8124
8101
8080
8059
8043
8022
7998
7978
7959
7937
7920
7900
7875
7861
7837
7814
7804
7780
7767
7753
7730
7717
7700
7687
7676
7661
7650
7647
7634
7631
7623
7614
7605
7609
7600
7597
7596
7597
7601
7606
7606
7608
7616
7625
7636
7643
7652
7659
7679
7687
7699
7717
7727
7742
7759
7776
7796
7812
7831
7855
7871
7892
7914
7934
7959
7982
8002
8017
8044
8061
8078
8106
8118
8141
8164
8177
8196
8213
8237
8246
8269
8281
8296
8309
8325
8336
8344
8358
8363
8371
8379
8390
8393
8390
8399
8404
8401
8404
8396
8396
8391
8387
8382
8374
8361
8356
8342
8340
8327
8311
8293
8283
8267
8251
8238
8217
8198
8186
8166
8145
8123
8104
8081
8061
8048
8018
7999
7982
7962
7938
7914
7899
7876
7860
7843
7815
7806
7783
7769
7746
7735
7714
7706
7691
7680
7669
7656
7642
7636
7630
7624
7610
7604
7600
7605
7603
7604
7602
7598
7602
7611
7617
7617
7622
7630
7641
7655
7661
7673
7683
7698
7712
7733
7742
7765
7783
7801
7820
7833
7857
7874
7898
7911
7932
7960
7974
8001
8014
8042
8061
8079
8103
8123
8137
8163
8176
8192
8216
8228
8248
8268
8277
8298
8304
8318
8329
8344
8359
8359
8376
8383
8390
8390
8391
8400
8401
8404
8398
8396
8399
8388
8390
8385
8376
8362
8354
8347
8337
8324
8313
8302
8289
8271
8257
8238
8219
8206
8180
8161
8148
8129
8101
8086
8066
8042
8024
8008
7981
7962
7935
7924
7902
7883
7856
7836
7822
7798
7782
7772
7748
7730
7723
7701
7695
7680
7666
7659
7643
7636
7624
7619
7613
7608
7603
7606
7600
7597
7597
7603
7605
7605
7611
7621
7626
7631
7638
7656
7660
7676
7691
7696
7711
7733
7746
7764
7781
7801
7810
7832
7849
7868
7893
7911
7933
7951
7976
8000
8014
8037
8062
8074
8098
8117
8137
8155
8177
8198
8212
8232
8248
8263
8284
8292
8312
8324
8328
8340
8350
8365
8375
8383
8381
8389
8391
8393
8395
8400
8396
8395
8399
8392
8391
8383
8379
8370
8356
8346
8336
8324
8310
8296
8285
8269
8255
8235
8221
8208
8190
8172
8148
8128
8105
8095
8069
8050
8026
8008
7990
7967
7954
7934
7914
7897
7883
7858
7845
7833
7811
7803
7788
7777
7760
7757
7744
7742
7728
7720
7721
7710
7710
7712
7704
7703
7701
7710
7708
7714
7718
7713
7720
7728
7728
7736
7741
7753
7763
7763
7779
7788
7796
7804
7817
7822
7831
7847
7860
7872
7887
7896
7916
7925
7947
7961
7974
7989
8013
8033
8046
8063
8078
8102
8112
8137
8156
8174
8190
8208
8217
8235
8258
8266
8278
8293
8308
8323
8336
8341
8351
8361
8374
8381
8389
8385
8390
8402
8397
8401
8400
8395
8391
8388
8391
8384
8378
8372
8358
8350
8340
8331
8309
8299
8282
8271
8252
8244
8224
8207
8185
8165
8146
8124
8111
8091
8063
8043
8028
8001
7984
7968
7943
7924
7904
7881
7857
7846
7828
7807
7782
7771
7757
7737
7718
7707
7694
7681
7671
7659
7650
7637
7631
7616
7618
7609
7602
7598
7597
7599
7595
7603
7599
7606
7612
7612
7623
7627
7636
7650
7663
7675
7683
7698
7709
7722
7742
7755
7780
7793
7815
7829
7846
7873
7895
7908
7929
7954
7973
7988
8015
8039
8054
8080
8093
8121
8134
8159
8171
8196
8212
8231
8242
8259
8279
8295
8303
8318
8331
8343
8350
8359
8373
8377
8388
8389
8390
8393
8397
8400
8402
8394
8394
8395
8384
8378
8376
8370
8360
8345
8339
8328
8318
8301
8283
8275
8254
8241
8218
8205
8189
8171
8146
8135
8110
8087
8070
8053
8024
8008
7987
7967
7949
7922
7905
7885
7868
7843
7824
7801
7785
7765
7757
7734
7717
7704
7688
7684
7669
7660
7642
7634
7630
7624
7616
7611
7608
7601
7596
7604
7596
7598
7606
7611
7607
7621
7628
7627
7638
7649
7661
7674
7688
7696
7711
7723
7744
7757
7778
7792
7812
7834
7845
7872
7884
7906
7930
7948
7966
7994
8017
8036
8053
8071
8092
8120
8135
8154
8174
8194
8213
8232
8244
8262
8272
8288
8306
8318
8331
8344
8349
8361
8367
8382
8388
8389
8391
8397
8401
8395
8396
8401
8399
8394
8384
8385
8380
8366
8355
8347
8340
8330
8316
8298
8289
8269
8254
8244
8224
8207
8191
8174
8149
8131
8108
8086
8073
8050
8034
8010
7985
7962
7946
7928
7903
7888
7867
7846
7830
7809
7791
7771
7756
7734
7721
7709
7691
7681
7669
7658
7646
7642
7632
7621
7620
7610
7605
7607
7604
7599
7601
7599
7603
7610
7616
7619
7621
7630
7636
7653
7658
7672
7686
7700
7710
7727
7744
7756
7770
7793
7808
7829
7848
7868
7889
7906
7927
7945
7970
7988
8012
8035
8052
8076
8091
8119
8137
8154
8170
8196
8214
8229
8242
8257
8278
8286
8307
8314
8330
8344
8348
8356
8372
8377
8385
8385
8396
8398
8403
8395
8404
8396
8395
8396
8386
8385
8376
8365
8359
8352
8342
8331
8318
8303
8285
8273
8258
8246
8224
8206
8187
8168
8156
8133
8110
8097
8073
8054
8032
8005
7988
7972
7947
7930
7907
7882
7863
7850
7825
7805
7785
7773
7751
7740
7720
7712
7699
7680
7673
7659
7646
7641
7627
7621
7614
7614
7609
7599
7598
7596
7598
7599
7600
7609
7613
7614
7622
7629
7638
7646
7661
7668
7682
7693
7706
7724
7739
7759
7775
7789
7807
7829
7847
7867
7889
7911
7929
7951
7968
7994
8009
8032
8056
8076
8095
8116
8129
8152
8176
8186
8209
8231
8245
8255
8277
8290
8307
8320
8332
8343
8348
8359
8366
8372
8381
8391
8396
8397
8394
8395
8401
8402
8396
8395
8386
8379
8372
8373
8364
8346
8344
8328
8318
8305
8288
8270
8255
8241
8222
8205
8193
8175
8153
8135
8117
8097
8073
8056
8034
8014
7991
7969
7951
